studentscores <- c(15,12,15,21,25,21,24,31,31,33,35,46,32,38)

